[app/ui]
version = 6.3.3
modtime = 1458279360.374576000

[app/launcher]
version = 6.3.3
modtime = 1458279360.377327000
